[[-1.3746953  -1.1562489   2.5997245  -0.5285885   0.12519048 -0.1836226
   1.0170946   1.2668794   1.6653525   0.12343559  2.3407252  -0.2225081
  -1.9555819   0.03025607  1.3095788   0.2969345  -0.3936163   0.35193288
   0.93415964 -0.8786575  -0.49340993  1.0342587  -0.15096286  0.35812193
  -0.81751275  1.7184477  -1.6717739   1.1942477   1.823811   -0.24947153
   1.6353906   1.1128265 ]]

z = [[-2 , -2 ,  -2 , -2  , -2 , -2
  , 0  , 0  , 0  , 0 , 0 , 0
 , 0  , 0 , 0 ,  0 , 0  , 0
  , 0  , 0 , 0 ,  0 , 0  , 0
, 0  , 0 , 0 ,  0 , 0  , 0
  , 0 ,  0 ]]

[[ 0.00360918 , 2.1439033 ,  3.0785916 ,  0.37259835 ,-1.4487599 ,  0.44860405
 , -0.93411684 , 0.4581674  ,-0.63027006 , 0.1900351 ,  0.39372241 , 1.7865871
  , 1.2728329 , -0.4823635  , 2.5061452 , -0.8993141,  -2.0712206 , -1.6678908
  , 2.4588966  , 1.2420831 ,  0.632474  , -3.400418  ,  1.4520209  , 1.1479979
 , -1.7005702 ,  2.1224966 , -0.48628387 ,-1.6945927 , -0.6031383 ,  0.37891412
 ,  2.407934  ,  0.57290787]]